5.178532600402832031e-01
7.014585733413696289e-01
4.517581760883331299e-01
1.643539965152740479e-01
1.444934159517288208e-01
4.131342470645904541e-01
-1.814482808113098145e-01
-1.628547906875610352e-01
-5.433099865913391113e-01
3.330662846565246582e-01
1.982533782720565796e-01
1.760314106941223145e-01
-3.469370007514953613e-01
1.186131119728088379e+00
-5.609477758407592773e-01
9.387716054916381836e-01
-5.083090811967849731e-02
-2.653513252735137939e-01
2.920686304569244385e-01
-1.072508096694946289e-02
-5.194026827812194824e-01
-3.034060001373291016e-01
-2.173686623573303223e-01
-1.014232158660888672e+00
-8.969229459762573242e-01
4.454688727855682373e-01
-8.536382317543029785e-01
1.194910481572151184e-01
-8.370760679244995117e-01
5.359637737274169922e-01
9.937223196029663086e-01
7.317009568214416504e-02
-6.320663094520568848e-01
-4.626564979553222656e-01
-6.235465407371520996e-01
-5.416857600212097168e-01
-7.130792737007141113e-02
-4.735460281372070312e-01
-4.486113041639328003e-02
-2.861339449882507324e-01
-3.923549354076385498e-01
-1.620484590530395508e-01
-6.782045960426330566e-02
1.959592103958129883e-01
-5.813473463058471680e-02
3.316572308540344238e-01
5.092188715934753418e-02
6.416985392570495605e-01
2.410734593868255615e-01
-3.402311205863952637e-01
-4.983708858489990234e-01
-5.115676522254943848e-01
-4.055834412574768066e-01
3.892787992954254150e-01
-7.525455951690673828e-01
-5.761619806289672852e-01
-1.029067039489746094e+00
-8.948804140090942383e-01
-5.065693855285644531e-01
6.917921453714370728e-02
-5.870574712753295898e-02
-7.891349792480468750e-01
-5.692132711410522461e-01
-7.314696311950683594e-01
5.560342073440551758e-01
2.570323348045349121e-01
3.466144502162933350e-01
5.570108294486999512e-01
-1.830533146858215332e-01
-1.302447915077209473e-02
2.766399979591369629e-01
-4.284774959087371826e-01
-6.239828467369079590e-01
5.899769663810729980e-01
-3.042458295822143555e-01
-7.414831221103668213e-02
2.875438630580902100e-01
2.590306103229522705e-01
-5.918174386024475098e-01
3.372830152511596680e-01
-6.442709267139434814e-02
1.145419478416442871e-01
-8.688891530036926270e-01
-1.702043414115905762e-01
-4.867278337478637695e-01
-3.071343302726745605e-01
-5.533754229545593262e-01
-1.660026311874389648e-01
9.353837966918945312e-01
2.997666001319885254e-01
-3.440974354743957520e-01
6.464984416961669922e-01
-4.683934450149536133e-01
2.185295671224594116e-01
1.929345354437828064e-02
-7.695415616035461426e-01
-6.713472604751586914e-01
-3.032138943672180176e-01
7.581840455532073975e-02
-1.076225265860557556e-01
3.046361804008483887e-01
4.259191453456878662e-01
-1.015122652053833008e+00
-9.058852493762969971e-02
-5.413817167282104492e-01
9.519237875938415527e-01
-4.699914157390594482e-01
-6.251386404037475586e-01
8.115898966789245605e-01
-8.913592100143432617e-01
-2.133009135723114014e-01
-1.744858324527740479e-01
4.729590713977813721e-01
1.573241233825683594e+00
6.734577417373657227e-01
4.702259898185729980e-01
1.927315443754196167e-01
-1.182745024561882019e-01
-6.559605151414871216e-02
-5.246142745018005371e-01
2.829078137874603271e-01
-6.639184951782226562e-01
-3.625543415546417236e-01
6.196851730346679688e-01
-4.302346110343933105e-01
-5.292829275131225586e-01
-8.736788630485534668e-01
1.848826706409454346e-01
5.814958214759826660e-01
-4.634270966053009033e-01
5.085583776235580444e-02
-1.057462766766548157e-01
-4.713688790798187256e-01
2.932910621166229248e-02
2.603733539581298828e-01
2.986280024051666260e-01
5.741309523582458496e-01
-3.469969630241394043e-01
-4.840757548809051514e-01
-5.930638313293457031e-01
-5.568601489067077637e-01
6.991294026374816895e-02
-3.081369400024414062e-01
-6.959653645753860474e-02
5.349327623844146729e-02
2.077154368162155151e-01
1.257487773895263672e+00
-4.167513549327850342e-01
-3.599374890327453613e-01
-4.960203468799591064e-01
-6.965234875679016113e-01
-1.290540546178817749e-01
-3.810226917266845703e-01
4.295831918716430664e-02
1.187040209770202637e+00
-3.838252425193786621e-01
3.916453719139099121e-01
3.099847137928009033e-01
-5.957410335540771484e-01
-3.552644848823547363e-01
-2.974275946617126465e-01
-3.901849985122680664e-01
-7.478466033935546875e-01
-3.058090806007385254e-01
-7.187976241111755371e-01
4.172178506851196289e-01
-6.362316608428955078e-01
-8.408135175704956055e-01
-2.645062506198883057e-01
-4.451003670692443848e-01
1.154048442840576172e-01
-4.487275779247283936e-01
6.997464299201965332e-01
-4.833486378192901611e-01
3.776757717132568359e-01
2.712423801422119141e-01
-3.387569487094879150e-01
-3.751776516437530518e-01
-2.656805217266082764e-01
1.192993670701980591e-01
-4.941688179969787598e-01
-5.746791958808898926e-01
5.695781707763671875e-01
1.788757592439651489e-01
-2.895762026309967041e-01
1.844945251941680908e-01
1.252026557922363281e-01
-5.394750833511352539e-01
-5.572007894515991211e-01
-1.079749345779418945e+00
-6.026891469955444336e-01
-5.868573784828186035e-01
-5.495084524154663086e-01
5.722404122352600098e-01
2.960687279701232910e-01
-1.031200647354125977e+00
5.268756151199340820e-01
5.203215479850769043e-01
-1.961296498775482178e-01
-4.770308136940002441e-01
-5.045832395553588867e-01
-4.454456567764282227e-01
5.690710544586181641e-01
5.076987147331237793e-01
1.020193576812744141e+00
-6.359795331954956055e-01
-9.805318117141723633e-01
-3.113651871681213379e-01
-9.562404751777648926e-01
2.195155024528503418e-01
-5.792365670204162598e-01
4.784682989120483398e-01
3.664614260196685791e-01
-4.842272996902465820e-01
5.059614181518554688e-01
8.611250519752502441e-01
-7.378873229026794434e-02
-5.330497622489929199e-01
6.489325165748596191e-01
-9.049921035766601562e-01
-6.941596269607543945e-01
3.200022578239440918e-01
-2.111057937145233154e-01
-3.156219422817230225e-02
-7.324031591415405273e-01
-3.501254320144653320e-01
1.235484406352043152e-01
1.730315387248992920e-01
-6.898077726364135742e-01
2.374397218227386475e-01
-7.412182092666625977e-01
-1.672186255455017090e-01
-3.665607422590255737e-02
-5.535003542900085449e-01
-9.315239787101745605e-01
6.601198911666870117e-01
-4.839317202568054199e-01
-4.015775620937347412e-01
-4.705537855625152588e-02
-4.222788214683532715e-01
5.297645926475524902e-01
-7.933620214462280273e-01
8.903207182884216309e-01
2.597323656082153320e-01
-4.243367910385131836e-01
-4.192712604999542236e-01
-2.274194061756134033e-01
-1.550481021404266357e-01
-4.094515740871429443e-01
-7.607872486114501953e-01
-9.309528768062591553e-02
9.219229221343994141e-03
3.227884769439697266e-01
-5.399581193923950195e-01
-3.352713286876678467e-01
4.045255482196807861e-02
5.294381976127624512e-01
-3.465886712074279785e-01
-3.424123823642730713e-01
1.629370898008346558e-01
9.669560194015502930e-02
1.136958599090576172e-03
-7.016739249229431152e-01
3.666000366210937500e-01
2.990863323211669922e-01
-9.098592996597290039e-01
-2.831097245216369629e-01
4.556944072246551514e-01
-5.368947386741638184e-01
1.872967779636383057e-01
1.138994321227073669e-01
5.165326595306396484e-01
1.607709527015686035e-01
1.356932669878005981e-01
-2.627906203269958496e-01
-9.413447380065917969e-01
1.219605803489685059e+00
-7.541264295578002930e-01
-7.568895816802978516e-04
-3.874354958534240723e-01
-3.625862598419189453e-01
2.759593725204467773e-02
1.057801991701126099e-01
3.522939980030059814e-02
8.530225753784179688e-01
1.565384864807128906e-02
5.238304138183593750e-01
-3.079594373703002930e-01
-9.222875535488128662e-02
-9.961945414543151855e-01
-7.245500087738037109e-01
-3.613368868827819824e-01
9.622342139482498169e-02
-5.321672558784484863e-01
-3.008267283439636230e-01
-3.836203217506408691e-01
-6.409446001052856445e-01
-4.809649586677551270e-01
3.735644221305847168e-01
-7.500876188278198242e-01
1.095043644309043884e-01
-6.030460819602012634e-02
-9.725177288055419922e-02
2.138050645589828491e-01
-4.749988913536071777e-01
-8.856472969055175781e-01
-2.909173071384429932e-01
2.237798273563385010e-01
-6.373221874237060547e-01
-6.536102294921875000e-01
-6.253831386566162109e-01
3.789912164211273193e-01
-2.931770384311676025e-01
3.199869096279144287e-01
3.474857807159423828e-01
4.271757304668426514e-01
1.041951060295104980e+00
-1.786252856254577637e-01
-7.151089906692504883e-01
-1.575100123882293701e-01
-1.141364932060241699e+00
-1.970140933990478516e-01
-1.178343296051025391e-01
2.805916965007781982e-01
-1.694327592849731445e-01
-4.152286052703857422e-01
-6.354527473449707031e-01
-5.869472026824951172e-01
1.047039404511451721e-01
-7.848634123802185059e-01
-8.624926209449768066e-01
4.544191360473632812e-01
2.216649055480957031e-02
-4.822278618812561035e-01
-1.582314968109130859e-01
3.916098475456237793e-01
-4.527716040611267090e-01
6.514719128608703613e-02
-5.299171209335327148e-01
2.053069472312927246e-01
5.561968684196472168e-01
1.805381625890731812e-01
-9.648989439010620117e-01
-3.423814177513122559e-01
-5.059080123901367188e-01
-9.293789863586425781e-01
-9.220037460327148438e-01
-6.014423370361328125e-01
-3.941598832607269287e-01
-2.581853568553924561e-01
-6.601595878601074219e-02
1.750316619873046875e-01
8.071373105049133301e-01
5.779024958610534668e-01
5.400497317314147949e-01
-4.921048283576965332e-01
-9.568112492561340332e-01
5.933351069688796997e-02
1.012421175837516785e-01
-4.800569713115692139e-01
-5.370866060256958008e-01
-1.257322877645492554e-01
-2.423385679721832275e-01
4.593108296394348145e-01
6.518845558166503906e-01
1.327383220195770264e-01
4.775590300559997559e-01
-5.524563193321228027e-01
-7.271279096603393555e-01
-5.518636703491210938e-01
3.118476569652557373e-01
-6.851412057876586914e-01
-9.346320033073425293e-01
-2.461442947387695312e-01
-5.174263715744018555e-01
-1.807999610900878906e-02
-4.914079904556274414e-01
-1.122397482395172119e-01
-3.498244881629943848e-01
-1.423922479152679443e-01
-5.143911838531494141e-01
-4.536314606666564941e-01
-2.954412996768951416e-01
5.358597040176391602e-01
6.587621569633483887e-01
3.135999143123626709e-01
3.279249668121337891e-01
-1.883781552314758301e-01
1.724195778369903564e-01
5.123286247253417969e-01
-4.306292533874511719e-02
-6.837258338928222656e-01
-8.592137098312377930e-01
-1.322910487651824951e-01
-1.033889055252075195e-01
-3.014243841171264648e-01
9.321941733360290527e-01
4.883190095424652100e-01
-1.051454991102218628e-01
-1.381776332855224609e-01
-5.181713104248046875e-01
-4.917815923690795898e-01
-5.225801467895507812e-01
1.479358039796352386e-02
3.931412398815155029e-01
-1.357408165931701660e-01
3.084049373865127563e-02
-6.816944479942321777e-01
-8.124786615371704102e-01
9.531463384628295898e-01
5.497123003005981445e-01
1.264971613883972168e+00
4.169504940509796143e-01
-8.210905790328979492e-01
-9.470308423042297363e-01
-6.241987347602844238e-01
-8.573659658432006836e-01
-8.173071146011352539e-01
-2.745545506477355957e-01
7.443263530731201172e-01
-4.658307135105133057e-01
7.452376186847686768e-03
-3.283501267433166504e-01
9.962604045867919922e-01
6.500890254974365234e-01
1.141383647918701172e+00
1.966306567192077637e-02
-2.233707606792449951e-01
-9.823486208915710449e-02
7.290571928024291992e-01
3.843429088592529297e-01
-1.075940847396850586e+00
-8.382660746574401855e-01
-7.496597766876220703e-01
-6.797922849655151367e-01
-8.052660226821899414e-01
5.664670467376708984e-02
-8.000214099884033203e-01
2.256669104099273682e-03
-4.404527544975280762e-01
4.870723783969879150e-01
-1.271260678768157959e-01
-4.652490913867950439e-01
-3.417715132236480713e-01
-7.251743078231811523e-01
-7.734721899032592773e-01
8.831342458724975586e-01
9.975079894065856934e-01
-4.472155570983886719e-01
1.645350605249404907e-01
-5.882647633552551270e-02
5.600924491882324219e-01
9.494506120681762695e-01
7.934386134147644043e-01
1.968085765838623047e-02
9.495395421981811523e-01
7.601110935211181641e-01
-1.105576604604721069e-01
-4.092191457748413086e-01
-3.262690603733062744e-01
-7.229343652725219727e-01
-8.753307163715362549e-02
-6.020136922597885132e-02
-2.329260706901550293e-01
-9.574714303016662598e-02
7.250708341598510742e-01
-5.569344758987426758e-02
1.245359182357788086e-01
-1.180512905120849609e-01
2.011567056179046631e-01
-7.791641950607299805e-01
-3.574990630149841309e-01
-3.925030529499053955e-01
6.436687707901000977e-02
-2.394745945930480957e-01
-3.176544308662414551e-01
1.564221084117889404e-01
-3.018789291381835938e-01
2.755369991064071655e-02
2.278086543083190918e-01
1.355652511119842529e-01
2.549704313278198242e-01
-6.768549084663391113e-01
-7.867397069931030273e-01
-8.698791265487670898e-01
-3.149670958518981934e-01
2.223208695650100708e-01
3.480591773986816406e-01
5.016767382621765137e-01
-4.240490198135375977e-01
5.393811464309692383e-01
5.989367961883544922e-01
1.077821552753448486e-01
-2.149768173694610596e-01
2.886212468147277832e-01
-3.031505346298217773e-01
5.648134350776672363e-01
3.464444875717163086e-01
1.001673221588134766e+00
1.069417893886566162e-01
1.583261489868164062e-01
-8.147009015083312988e-01
-1.709610968828201294e-01
1.080142855644226074e-01
2.148687839508056641e-01
2.906479835510253906e-01
-4.633808135986328125e-02
4.641355276107788086e-01
-3.582407832145690918e-01
4.217447042465209961e-01
2.145467102527618408e-01
9.487929940223693848e-02
-3.224579691886901855e-01
-2.648606896400451660e-01
1.316955089569091797e-01
-5.523405224084854126e-02
1.263041377067565918e+00
-2.651820182800292969e-01
-6.392633914947509766e-02
5.431172847747802734e-01
-8.445137143135070801e-01
-6.386198997497558594e-01
-9.198277443647384644e-02
-5.180919170379638672e-02
-4.479475617408752441e-01
-6.755140423774719238e-01
-4.572580754756927490e-01
-8.982868790626525879e-01
-1.306751817464828491e-01
-8.782888054847717285e-01
-7.039926946163177490e-03
5.901474356651306152e-01
1.716963015496730804e-02
-4.492648839950561523e-01
-2.199178040027618408e-01
-3.256294727325439453e-01
-8.289595842361450195e-01
-1.852079033851623535e-01
2.460727393627166748e-01
5.187827348709106445e-01
4.469074010848999023e-01
-5.765183568000793457e-01
-5.630701780319213867e-01
-3.153048753738403320e-01
-6.859782934188842773e-01
2.941529452800750732e-01
1.624789535999298096e-01
3.010689616203308105e-01
7.233819961547851562e-01
-6.696704775094985962e-02
-4.098928570747375488e-01
-3.020934462547302246e-01
-3.746593296527862549e-01
-7.846871614456176758e-01
-5.805903077125549316e-01
-5.871417522430419922e-01
-3.616266548633575439e-01
-5.812873244285583496e-01
9.268234372138977051e-01
-4.061995744705200195e-01
-1.606459021568298340e-01
-4.773817658424377441e-01
2.882775068283081055e-01
-9.334785342216491699e-01
-7.818956375122070312e-01
-5.531789064407348633e-01
2.886130809783935547e-01
1.248275116086006165e-01
4.609490633010864258e-01
-5.542793869972229004e-01
-9.011439085006713867e-01
-1.161100625991821289e+00
-1.836424469947814941e-01
-3.670374155044555664e-01
8.184707164764404297e-01
3.355118036270141602e-01
4.930298328399658203e-01
-6.682159304618835449e-01
-6.226841807365417480e-01
1.047949716448783875e-01
5.871486663818359375e-02
1.877413094043731689e-01
-7.564505338668823242e-01
-6.317014098167419434e-01
6.253061294555664062e-01
1.438506245613098145e-01
4.124240875244140625e-01
2.749912142753601074e-01
-5.222324728965759277e-01
-3.735801875591278076e-01
7.669707536697387695e-01
-1.982087641954421997e-01
3.614615797996520996e-01
5.895860791206359863e-01
-6.973276734352111816e-01
2.398784458637237549e-01
5.309917926788330078e-01
2.070634514093399048e-01
-4.389363825321197510e-01
-6.756744384765625000e-01
-3.681472539901733398e-01
-1.541835814714431763e-02
-5.886874198913574219e-01
4.865021705627441406e-01
8.515192568302154541e-02
-4.610822796821594238e-01
1.648534834384918213e-01
-2.276827096939086914e-01
-1.445937156677246094e-01
-5.499255657196044922e-01
-1.897642016410827637e-02
-1.798388659954071045e-01
-6.034737825393676758e-01
3.242281973361968994e-01
-6.322344541549682617e-01
5.220478773117065430e-02
-5.434314012527465820e-01
-1.061964631080627441e-01
3.241932392120361328e-01
2.622247338294982910e-01
1.820849925279617310e-01
-1.432669609785079956e-01
2.656538486480712891e-01
3.560373485088348389e-01
2.326055914163589478e-01
-1.117166653275489807e-01
-7.787308692932128906e-01
1.026690304279327393e-01
6.783136725425720215e-02
-5.658051967620849609e-01
3.432124257087707520e-01
-2.593680024147033691e-01
-2.955776154994964600e-01
5.536103993654251099e-02
2.768572568893432617e-01
-3.452945947647094727e-01
2.479241788387298584e-02
-9.036571979522705078e-01
1.251441538333892822e-01
9.391809105873107910e-01
-8.152318000793457031e-01
7.834467291831970215e-01
5.879353880882263184e-01
8.827567100524902344e-01
-5.625428557395935059e-01
7.517572045326232910e-01
-5.720207095146179199e-02
2.444415092468261719e-01
-2.426140159368515015e-01
-4.987133145332336426e-01
2.121714949607849121e-01
-1.099972277879714966e-01
-5.315024852752685547e-01
4.705373346805572510e-01
-9.771882295608520508e-01
-6.109663844108581543e-02
-3.858297467231750488e-01
-6.846345663070678711e-01
-5.199937149882316589e-02
1.620195955038070679e-01
-1.985033899545669556e-01
7.509101629257202148e-01
-2.785240113735198975e-01
-4.122421741485595703e-01
-7.106019556522369385e-02
5.588458776473999023e-01
-5.438212752342224121e-01
-6.140413507819175720e-02
-2.746120095252990723e-01
-5.264457464218139648e-01
-4.002814888954162598e-01
-3.879703879356384277e-01
-5.599807500839233398e-01
-6.230295300483703613e-01
-5.811131000518798828e-01
-9.226860851049423218e-02
1.805054664611816406e+00
1.617111206054687500e+00
-2.476465404033660889e-01
1.732195168733596802e-01
-7.395107746124267578e-01
-2.776544094085693359e-01
-5.257077217102050781e-01
-3.155570626258850098e-01
-4.262194037437438965e-01
5.580908060073852539e-02
-5.451457202434539795e-02
1.431237310171127319e-01
-5.886712670326232910e-02
4.601469337940216064e-01
-8.436239957809448242e-01
7.869609594345092773e-01
6.731032133102416992e-01
-6.775840520858764648e-01
-9.383618831634521484e-01
-1.073008775711059570e+00
-9.295255541801452637e-01
-6.563982963562011719e-01
-3.679641336202621460e-02
-2.384340465068817139e-01
-4.075269997119903564e-01
-1.725551486015319824e-01
2.742044627666473389e-01
-8.171372413635253906e-01
5.809592008590698242e-01
5.135744810104370117e-01
-7.786056399345397949e-02
-4.833836257457733154e-01
-7.811629772186279297e-01
-5.136095881462097168e-01
-4.661952853202819824e-01
-8.593599796295166016e-01
-5.092111229896545410e-01
-4.529183506965637207e-01
-1.009969115257263184e-01
-7.725162506103515625e-01
6.177525222301483154e-02
2.938407659530639648e-01
5.903861522674560547e-01
3.136745095252990723e-01
-1.404190361499786377e-01
-7.888804674148559570e-01
-1.083910465240478516e-04
-2.810943126678466797e-02
3.274699449539184570e-01
-1.266861408948898315e-01
1.545231342315673828e-01
-6.785058379173278809e-01
3.916273713111877441e-01
-4.468025565147399902e-01
-1.738411784172058105e-01
3.219613432884216309e-02
-2.020237892866134644e-01
2.090853750705718994e-01
3.295089304447174072e-02
-5.470468997955322266e-01
-5.768089890480041504e-01
1.797433793544769287e-01
4.842991530895233154e-01
5.050566196441650391e-01
-1.463185697793960571e-01
-6.672032922506332397e-02
1.018364191055297852e+00
-2.939161658287048340e-01
-5.840722322463989258e-01
-5.941017270088195801e-01
-5.657808780670166016e-01
-8.205578327178955078e-01
-8.589272499084472656e-01
-6.494895815849304199e-01
-8.628380298614501953e-01
-7.459425926208496094e-01
-4.425883889198303223e-01
-5.120114684104919434e-01
-5.318150520324707031e-01
6.013478338718414307e-02
-3.121632933616638184e-01
-2.004805505275726318e-01
-1.739836335182189941e-01
3.501101136207580566e-01
7.121359705924987793e-01
5.945274233818054199e-01
-3.305945992469787598e-01
-3.930270671844482422e-02
-7.416647672653198242e-01
-7.321328520774841309e-01
-2.958348989486694336e-01
-4.505835771560668945e-01
-3.091372847557067871e-01
-7.084659337997436523e-01
-1.937293857336044312e-01
-4.384342432022094727e-01
-3.266736268997192383e-01
-3.373254835605621338e-01
-4.090624153614044189e-01
-8.842455148696899414e-01
-3.816262483596801758e-01
-5.209972262382507324e-01
-9.815151989459991455e-02
-7.202617824077606201e-02
1.401249021291732788e-01
-1.420355737209320068e-01
8.716041594743728638e-02
1.129874944686889648e+00
-3.820499181747436523e-01
6.792198419570922852e-01
-5.660046935081481934e-01
2.563611865043640137e-01
4.049428105354309082e-01
5.677736997604370117e-01
-6.131721138954162598e-01
4.943667650222778320e-01
-1.884296834468841553e-01
-6.561533212661743164e-01
1.114782989025115967e-01
9.320762157440185547e-01
-3.255610167980194092e-01
4.159832298755645752e-01
1.052689313888549805e+00
3.358999788761138916e-01
-4.266687333583831787e-01
-6.631801128387451172e-01
-8.662411570549011230e-02
2.897768653929233551e-02
-1.934787780046463013e-01
-7.723551392555236816e-01
-6.958521008491516113e-01
-3.126456588506698608e-02
8.955227732658386230e-01
-9.341123104095458984e-01
-8.551280498504638672e-01
-6.692533940076828003e-02
-6.260235905647277832e-01
5.830037593841552734e-01
-4.566714465618133545e-01
-7.602939009666442871e-01
-3.875738680362701416e-01
-7.473847270011901855e-02
7.861595153808593750e-01
6.543016433715820312e-01
1.279114186763763428e-01
-1.552866846323013306e-01
-4.100000858306884766e-01
4.328787028789520264e-01
-6.518335342407226562e-01
-5.301865339279174805e-01
5.875910073518753052e-02
1.230120584368705750e-01
-2.231074273586273193e-01
-3.602522909641265869e-01
7.553111016750335693e-02
-9.460529088973999023e-01
-2.482733428478240967e-01
-2.788596749305725098e-01
-7.348164319992065430e-01
5.900180339813232422e-02
-7.451059818267822266e-01
-4.254217147827148438e-01
7.203766107559204102e-01
7.755901813507080078e-01
1.014403343200683594e+00
-9.042771458625793457e-01
2.838416695594787598e-01
2.604196965694427490e-01
-1.168847382068634033e-01
-1.711410284042358398e-01
2.324078679084777832e-01
-2.292191088199615479e-01
-2.441782504320144653e-01
9.022618532180786133e-01
8.850274980068206787e-02
-8.550869822502136230e-01
-5.941562652587890625e-01
-4.814194440841674805e-01
-1.533066332340240479e-01
8.931673169136047363e-01
-1.376857459545135498e-01
-7.703507542610168457e-01
-1.045989513397216797e+00
-4.144309759140014648e-01
-7.111642360687255859e-01
-1.989473402500152588e-01
-6.934711933135986328e-01
-5.785702466964721680e-01
-6.308271884918212891e-01
-4.511070549488067627e-01
3.398931622505187988e-01
-2.515429258346557617e-01
8.293368220329284668e-01
5.357673764228820801e-01
8.197299242019653320e-01
7.416176795959472656e-01
1.015520244836807251e-01
2.290418297052383423e-01
5.650823712348937988e-01
8.847354650497436523e-01
6.474066376686096191e-01
-5.575013905763626099e-02
8.414789438247680664e-01
-1.984488517045974731e-01
1.385167539119720459e-01
-5.526545047760009766e-01
1.493903398513793945e-01
6.219559311866760254e-01
6.499081850051879883e-03
6.874874830245971680e-01
2.865210771560668945e-01
1.104219257831573486e-02
4.370671510696411133e-02
-2.363937497138977051e-01
-6.967107057571411133e-01
5.643729567527770996e-01
-6.720482707023620605e-01
1.093346029520034790e-01
-4.202348291873931885e-01
-2.524195611476898193e-01
-3.382757008075714111e-01
2.411381304264068604e-01
2.108162939548492432e-01
1.506600379943847656e-01
-4.620198011398315430e-01
2.458574026823043823e-01
2.641623020172119141e-01
4.009731411933898926e-01
-2.296399325132369995e-01
-2.813722193241119385e-01
-4.546927809715270996e-01
-3.768131434917449951e-01
-4.041550755500793457e-01
-5.512961149215698242e-01
6.855095624923706055e-01
3.020468056201934814e-01
3.153914213180541992e-01
-1.035462260246276855e+00
-5.683572888374328613e-01
1.055538654327392578e+00
-6.675000786781311035e-01
4.121261239051818848e-01
1.219069808721542358e-01
1.606504619121551514e-01
-5.754125863313674927e-02
-6.091199517250061035e-01
-3.832201361656188965e-01
-6.495776772499084473e-02
-9.577687382698059082e-01
-1.048860669136047363e+00
4.203149676322937012e-01
-3.143358230590820312e-01
-2.365768104791641235e-01
7.769381403923034668e-01
-1.597109436988830566e-01
-7.603645920753479004e-01
2.376629412174224854e-01
-2.157600820064544678e-01
3.847941458225250244e-01
-4.722753763198852539e-01
-4.333450794219970703e-01
-2.382484376430511475e-01
1.562808752059936523e-01
9.536302685737609863e-01
-8.510370850563049316e-01
-1.127295345067977905e-01
-4.152900576591491699e-01
-6.348933577537536621e-01
-2.794737219810485840e-01
-6.453837156295776367e-01
-2.782559990882873535e-01
-2.274153679609298706e-01
9.200169444084167480e-01
-2.260405421257019043e-01
-1.105652809143066406e+00
-6.984651684761047363e-01
-4.774857759475708008e-01
-1.638761907815933228e-01
-7.389706969261169434e-01
6.428457498550415039e-01
5.853238105773925781e-01
-6.488271355628967285e-01
7.615666985511779785e-01
3.538444936275482178e-01
7.713348269462585449e-01
-2.687208652496337891e-01
1.356850713491439819e-01
-5.708132982254028320e-01
-1.380190998315811157e-02
-8.103130459785461426e-01
8.284971117973327637e-01
1.618452072143554688e-01
2.296757102012634277e-01
-5.347507596015930176e-01
-6.645883321762084961e-01
-8.582152128219604492e-01
-5.840666294097900391e-01
-6.409784555435180664e-01
-6.174229383468627930e-01
4.991211295127868652e-01
1.002840280532836914e+00
-4.008808135986328125e-01
-6.419173628091812134e-02
7.713317871093750000e-02
-3.834971189498901367e-01
-8.486510515213012695e-01
1.803979396820068359e+00
-6.858372092247009277e-01
-6.500287055969238281e-01
2.291701734066009521e-02
-4.739404320716857910e-01
-6.653141975402832031e-01
-3.159688711166381836e-01
-3.316245675086975098e-01
8.446759581565856934e-01
1.156682610511779785e+00
8.797971010208129883e-01
-2.791241705417633057e-01
-9.372697770595550537e-02
1.866430044174194336e-03
2.684311866760253906e-01
-3.166400194168090820e-01
-3.164398670196533203e-02
1.598970293998718262e-01
-3.168746829032897949e-01
1.537694782018661499e-01
1.622261404991149902e-01
3.913894593715667725e-01
-6.584184169769287109e-01
-1.409963518381118774e-02
4.798456653952598572e-02
2.838097810745239258e-01
1.124693036079406738e+00
1.295270085334777832e+00
9.753748774528503418e-01
1.264009952545166016e+00
-1.600580215454101562e-01
-1.602850407361984253e-01
-6.977313160896301270e-01
5.886734724044799805e-01
-6.643611192703247070e-01
-1.433867365121841431e-01
-1.566761881113052368e-01
-1.941637694835662842e-01
-4.691537469625473022e-02
-1.976270228624343872e-01
-6.545348763465881348e-01
-2.717848420143127441e-01
-5.102661252021789551e-01
-4.029500186443328857e-01
5.115475654602050781e-01
-7.558135390281677246e-01
6.059149503707885742e-01
5.732277035713195801e-01
1.194888710975646973e+00
3.685186803340911865e-01
8.197883963584899902e-01
-6.146254539489746094e-01
-2.179433703422546387e-01
-3.071674704551696777e-01
4.032492637634277344e-03
-6.526082158088684082e-01
1.022380590438842773e-01
6.423561275005340576e-02
-2.670300900936126709e-01
-8.442109823226928711e-01
-1.628853827714920044e-01
2.751667201519012451e-01
3.691242933273315430e-01
-4.989274740219116211e-01
4.731358289718627930e-01
2.051310837268829346e-01
8.648014664649963379e-01
-5.013573169708251953e-01
-3.174135684967041016e-01
-7.405041456222534180e-01
-7.276493906974792480e-01
-5.231801867485046387e-01
6.369937658309936523e-01
3.512944281101226807e-01
5.816597342491149902e-01
5.319136977195739746e-01
-5.033091306686401367e-01
8.921989798545837402e-01
9.489413499832153320e-01
-1.130022406578063965e+00
-7.963465899229049683e-02
3.462163209915161133e-01
-6.913065165281295776e-02
5.115756392478942871e-02
1.505692303180694580e-01
1.880705356597900391e-01
2.386118918657302856e-01
3.883987665176391602e-02
2.078241407871246338e-01
1.204170703887939453e+00
-1.572793424129486084e-01
-3.673632740974426270e-01
6.884251236915588379e-01
3.792426288127899170e-01
6.205728650093078613e-01
-1.315538734197616577e-01
-1.655251085758209229e-01
-7.522175312042236328e-01
-6.153733730316162109e-01
-3.246238231658935547e-01
-1.923714429140090942e-01
-4.428731501102447510e-01
-4.328787326812744141e-01
1.524263024330139160e-01
3.252468407154083252e-01
-1.650663316249847412e-01
1.530846953392028809e-01
-5.593204498291015625e-01
4.211145341396331787e-01
-8.502061963081359863e-01
-1.509599685668945312e-01
6.840427517890930176e-01
-2.233637869358062744e-01
-1.007493853569030762e+00
-8.032106161117553711e-01
3.321737051010131836e-02
-6.052685379981994629e-01
5.660477876663208008e-01
5.982165932655334473e-01
3.938921689987182617e-01
4.547807574272155762e-01
2.217299193143844604e-01
-1.653769612312316895e-01
-3.985038697719573975e-01
-5.224215388298034668e-01
-2.325364649295806885e-01
-1.226059496402740479e-01
-6.908565759658813477e-01
1.995010375976562500e-01
-4.896533489227294922e-01
8.349301218986511230e-01
6.701750755310058594e-01
-2.604837715625762939e-01
3.688798248767852783e-01
-7.274307012557983398e-01
-7.781848907470703125e-01
-1.915634125471115112e-01
-3.840294480323791504e-02
2.848645448684692383e-01
-3.837887346744537354e-01
5.814081430435180664e-01
-2.964014410972595215e-01
-2.053003758192062378e-01
-2.747442126274108887e-01
9.810994267463684082e-01
5.443935990333557129e-01
-6.051019430160522461e-01
-4.031813740730285645e-01
2.939814329147338867e-02
-6.610945463180541992e-01
2.387100458145141602e-01
-5.741500854492187500e-02
-3.780922293663024902e-02
5.318533629179000854e-03
9.677857160568237305e-04
-9.191242456436157227e-01
5.904009342193603516e-01
-1.291038393974304199e-01
-5.791084766387939453e-01
-3.529001176357269287e-01
-8.204621076583862305e-01
-9.768618941307067871e-01
-7.130345106124877930e-01
-4.204131662845611572e-02
-1.904267966747283936e-01
1.791834831237792969e-03
-2.385137677192687988e-01
1.683659851551055908e-01
-4.883430302143096924e-01
-1.534427404403686523e-01
1.044248938560485840e+00
1.357457876205444336e+00
-2.086510360240936279e-01
4.641059041023254395e-01
1.050587177276611328e+00
5.057168602943420410e-01
-4.426262080669403076e-01
-3.093231320381164551e-01
7.720270752906799316e-01
6.907718181610107422e-01
-4.374464452266693115e-01
-8.454593420028686523e-01
-9.273623228073120117e-01
-4.424018263816833496e-01
-6.096398830413818359e-01
-6.126192212104797363e-02
-4.611911773681640625e-01
2.781456112861633301e-01
2.091861963272094727e-01
8.969247341156005859e-01
1.340389966964721680e+00
8.162444829940795898e-01
-6.196212768554687500e-02
-2.586169540882110596e-01
-7.037176936864852905e-02
1.693498492240905762e-01
1.161166667938232422e+00
7.873129248619079590e-01
8.660299777984619141e-01
6.884306669235229492e-01
-2.145822048187255859e-01
-8.197733759880065918e-01
6.560472249984741211e-01
-2.331591993570327759e-01
4.684211611747741699e-01
1.005873680114746094e+00
7.233163118362426758e-01
-4.322721958160400391e-01
-8.207629323005676270e-01
-2.392126321792602539e-01
-1.557898223400115967e-01
-2.563674449920654297e-01
4.407036304473876953e-02
1.447302997112274170e-01
-3.776061534881591797e-02
-3.157807886600494385e-01
-5.953209400177001953e-01
3.091608583927154541e-01
-8.798975497484207153e-02
1.290348172187805176e-01
-4.742386937141418457e-01
4.663183093070983887e-01
7.651529312133789062e-01
-6.463971138000488281e-01
6.599405407905578613e-01
-3.229895979166030884e-02
5.179091691970825195e-01
1.698870360851287842e-01
-1.828003823757171631e-01
-1.786716580390930176e-01
-8.791711926460266113e-01
3.840369582176208496e-01
-5.737445876002311707e-02
9.146429300308227539e-01
-8.224850893020629883e-01
1.353326559066772461e+00
-4.515518844127655029e-01
4.528606832027435303e-01
6.450827121734619141e-01
-6.364336013793945312e-01
8.198587894439697266e-01
9.306200742721557617e-01
-4.520726799964904785e-01
-5.943458080291748047e-01
-3.580559790134429932e-01
2.741791009902954102e-01
-4.519281387329101562e-01
-8.406295776367187500e-01
2.888890504837036133e-01
2.248382121324539185e-01
2.567246556282043457e-03
5.213149785995483398e-01
4.452001154422760010e-01
-7.755985260009765625e-01
3.308928310871124268e-01
8.195421099662780762e-02
-8.631166815757751465e-01
6.644055843353271484e-01
5.624618530273437500e-01
-3.772990107536315918e-01
6.652562618255615234e-01
-5.630975961685180664e-02
4.282606840133666992e-01
-6.285257935523986816e-01
-8.854029178619384766e-01
8.637940883636474609e-02
4.447962641716003418e-01
-4.786002337932586670e-01
-1.509470045566558838e-01
-6.814099550247192383e-01
-6.100912094116210938e-01
-6.107897162437438965e-01
5.910512208938598633e-01
-5.134854316711425781e-01
4.007849842309951782e-02
-4.060231149196624756e-01
-3.878066241741180420e-01
-2.811928093433380127e-01
-7.349975705146789551e-01
1.086957156658172607e-01
-6.564617156982421875e-01
-5.857241153717041016e-02
1.314329504966735840e-01
1.401947587728500366e-01
-9.258377552032470703e-02
-7.993507385253906250e-02
-6.463211774826049805e-01
-7.216015458106994629e-01
-3.295883536338806152e-01
3.141073286533355713e-01
-1.054571390151977539e+00
-1.048096895217895508e+00
-5.678325891494750977e-01
-6.581534445285797119e-02
-6.231535673141479492e-01
2.525565922260284424e-01
-6.157416701316833496e-01
4.837416410446166992e-01
-5.486046671867370605e-01
-3.321516811847686768e-01
-5.327602028846740723e-01
-3.311571180820465088e-01
-3.950186073780059814e-01
-6.499849259853363037e-02
-8.675737380981445312e-01
-9.267897605895996094e-01
3.922252729535102844e-02
1.520959973335266113e+00
2.935208380222320557e-01
-5.961009860038757324e-01
-1.418230384588241577e-01
-3.487325310707092285e-01
7.024547457695007324e-02
1.705992817878723145e-01
2.310298383235931396e-01
-8.463752269744873047e-01
-4.368444085121154785e-01
-7.406452298164367676e-02
-1.485650837421417236e-01
4.188104867935180664e-01
4.043330550193786621e-01
-2.719852924346923828e-01
-1.564121842384338379e-01
-3.379527926445007324e-01
-8.370990157127380371e-01
1.280245900154113770e+00
-6.223706007003784180e-01
-7.422080636024475098e-01
-4.553508162498474121e-01
6.040994822978973389e-02
-1.864001154899597168e-01
2.278781235218048096e-01
7.484051585197448730e-01
-6.123553514480590820e-01
-3.231076896190643311e-01
1.375128746032714844e+00
-6.593707799911499023e-01
1.988718509674072266e-01
6.764230728149414062e-01
1.228529512882232666e-01
-1.163819134235382080e-01
-1.119491457939147949e-01
7.847957611083984375e-01
3.687062263488769531e-01
-6.055524349212646484e-01
3.518086671829223633e-02
-9.349598884582519531e-01
9.746202230453491211e-01
-7.046375870704650879e-01
-1.110300272703170776e-01
7.637335062026977539e-01
-8.666476011276245117e-01
-1.146238446235656738e-01
1.054147720336914062e+00
4.476366639137268066e-01
-5.886353254318237305e-01
2.359590679407119751e-01
7.304764986038208008e-01
-7.027301192283630371e-02
-7.157810032367706299e-02
1.959777921438217163e-01
-6.152992248535156250e-01
1.755783557891845703e-01
4.338952004909515381e-01
2.757965624332427979e-01
-4.850959777832031250e-02
-5.342425107955932617e-01
-2.633972764015197754e-01
1.553509116172790527e+00
6.345981359481811523e-01
-2.819092869758605957e-01
4.064671993255615234e-01
4.762341380119323730e-01
-9.065649509429931641e-01
1.914879679679870605e-02
5.739515423774719238e-01
7.668091356754302979e-02
-7.427337169647216797e-01
-1.224871277809143066e-01
4.336947500705718994e-01
-4.414668679237365723e-01
-8.797770738601684570e-02
4.692482054233551025e-01
5.194480419158935547e-01
3.976034522056579590e-01
-5.799392461776733398e-01
-5.094908475875854492e-01
-5.091734528541564941e-01
3.170070052146911621e-01
-2.606559991836547852e-01
-3.714180886745452881e-01
-1.404960006475448608e-01
6.121718883514404297e-01
3.823988735675811768e-01
-1.944196522235870361e-01
8.131867647171020508e-01
-8.327941596508026123e-02
-2.723008394241333008e-01
1.146831870079040527e+00
2.083879113197326660e-01
-3.201893270015716553e-01
-1.543544530868530273e-01
3.723312616348266602e-01
2.866432666778564453e-01
-2.733670771121978760e-01
-7.059130072593688965e-01
3.109069466590881348e-01
-6.002082228660583496e-01
-1.541183441877365112e-01
-6.329296827316284180e-01
6.681178808212280273e-01
-1.019616276025772095e-01
-2.269968241453170776e-01
-2.086814939975738525e-01
3.591012954711914062e-01
-2.565941214561462402e-02
-3.473019599914550781e-02
3.179791569709777832e-01
-2.601878046989440918e-01
4.620956629514694214e-02
6.626687645912170410e-01
6.542773246765136719e-01
-3.844483792781829834e-01
-3.228977024555206299e-01
-1.055730938911437988e+00
-4.356357753276824951e-01
1.739968955516815186e-01
-1.833744496107101440e-01
-6.576163768768310547e-01
8.705633878707885742e-02
-1.837013661861419678e-01
3.914843797683715820e-01
-1.255186647176742554e-01
-1.066350102424621582e+00
-7.225060462951660156e-01
-3.192270398139953613e-01
3.865465521812438965e-03
-2.959437668323516846e-02
3.165008127689361572e-01
4.072804749011993408e-01
-1.014395713806152344e+00
8.800715208053588867e-01
1.786887645721435547e-02
8.557619154453277588e-02
2.974532246589660645e-01
7.902911305427551270e-02
3.247957229614257812e-01
-6.414818167686462402e-01
1.538660079240798950e-01
-8.789860606193542480e-01
1.003668546676635742e+00
1.430989027023315430e+00
-2.865926921367645264e-01
-3.331047892570495605e-01
-4.131379723548889160e-01
-5.167421102523803711e-01
-1.038028836250305176e+00
-8.604428172111511230e-01
3.044718801975250244e-01
1.085002720355987549e-01
4.411197304725646973e-01
-6.640386581420898438e-01
-7.020439505577087402e-01
-6.219594478607177734e-01
-3.647034168243408203e-01
-5.135677382349967957e-02
-1.739928871393203735e-01
-3.437302112579345703e-01
-5.901768803596496582e-01
-7.748968601226806641e-01
4.255063831806182861e-02
4.875504970550537109e-01
5.708183050155639648e-01
-2.972301542758941650e-01
5.759925842285156250e-01
1.123668476939201355e-01
-3.673998117446899414e-01
1.111500620841979980e+00
9.073210954666137695e-01
7.980048060417175293e-01
-3.252167105674743652e-01
-6.038123965263366699e-01
-7.550649642944335938e-01
1.563238859176635742e+00
-9.893691539764404297e-01
-7.248340249061584473e-01
6.053648591041564941e-01
1.369369179010391235e-01
-3.775839805603027344e-01
1.058622956275939941e+00
8.039208650588989258e-01
7.279031276702880859e-01
1.079598665237426758e+00
2.770733237266540527e-01
-4.736686348915100098e-01
3.303596377372741699e-01
1.745522022247314453e-04
-3.931432366371154785e-01
7.185187190771102905e-02
2.621227502822875977e-01
-7.238387465476989746e-01
-8.748225569725036621e-01
-7.247875928878784180e-01
-7.449513673782348633e-02
-4.105440974235534668e-01
-4.368708729743957520e-01
3.896698355674743652e-02
-3.216999769210815430e-01
1.779629588127136230e-01
6.611957550048828125e-01
-2.031229734420776367e-01
-4.633170366287231445e-01
1.180348694324493408e-01
1.939651817083358765e-01
1.262202382087707520e+00
1.263909816741943359e+00
-9.300538897514343262e-01
-9.886319041252136230e-01
-4.677418768405914307e-01
-1.051744222640991211e-01
-6.322481036186218262e-01
-4.632858932018280029e-01
-1.692657172679901123e-01
1.103703379631042480e+00
2.032628953456878662e-01
-5.010029077529907227e-01
4.173459410667419434e-01
-9.832859039306640625e-03
-5.635122656822204590e-01
6.184430718421936035e-01
-2.368560582399368286e-01
-4.996116161346435547e-01
-3.403232991695404053e-01
2.256600856781005859e-01
-1.021224558353424072e-01
-4.559614509344100952e-02
1.850105226039886475e-01
3.066089749336242676e-01
-3.426143527030944824e-02
9.890977740287780762e-01
5.706031918525695801e-01
4.020393192768096924e-01
5.636721849441528320e-01
1.183473318815231323e-02
-4.079032540321350098e-01
-1.315181732177734375e+00
-5.065674781799316406e-01
-5.975611805915832520e-01
-7.787944674491882324e-01
1.838463246822357178e-01
8.694705367088317871e-02
4.936352372169494629e-02
-2.001934796571731567e-01
7.935979962348937988e-02
-6.116108894348144531e-01
-8.220951259136199951e-02
5.429179668426513672e-01
-4.583646953105926514e-01
3.350157439708709717e-01
-4.288235306739807129e-02
1.576727032661437988e-01
1.152581721544265747e-02
-1.555439233779907227e-01
8.694224804639816284e-02
2.327319234609603882e-01
-5.753730535507202148e-01
-2.512547373771667480e-01
-4.866135418415069580e-01
7.042349576950073242e-01
6.844665408134460449e-01
6.717958450317382812e-01
-5.501089096069335938e-01
4.898005127906799316e-01
5.528368353843688965e-01
-6.808748245239257812e-01
4.834248721599578857e-01
3.181298673152923584e-01
-2.543424963951110840e-01
1.110236346721649170e-01
1.280431747436523438e-01
3.856240212917327881e-01
1.311142742633819580e-01
3.621994554996490479e-01
-7.217773795127868652e-02
-8.711795210838317871e-01
5.355623960494995117e-01
-5.717046260833740234e-01
9.933971166610717773e-01
2.411993891000747681e-01
3.100492358207702637e-01
3.057736456394195557e-01
3.657678961753845215e-01
6.016975641250610352e-02
-1.396374106407165527e-01
-4.822140932083129883e-01
-3.299414515495300293e-01
-6.436295509338378906e-01
-4.703737497329711914e-01
4.244626760482788086e-01
-7.178654670715332031e-01
-2.448803931474685669e-02
6.880986690521240234e-01
6.159306168556213379e-01
2.394256591796875000e-01
4.464914202690124512e-01
-3.743253052234649658e-01
-7.506014406681060791e-02
-5.807368159294128418e-01
-1.061910152435302734e+00
3.232886791229248047e-01
-2.078488096594810486e-02
-7.007746100425720215e-01
-4.086712598800659180e-01
-6.474510431289672852e-01
-7.547232508659362793e-02
-2.362736761569976807e-01
-5.111982822418212891e-01
-1.484458446502685547e-01
3.651304841041564941e-01
-2.048716992139816284e-01
-3.887231945991516113e-01
4.785805940628051758e-01
-3.997835516929626465e-01
-4.982716143131256104e-01
-2.792825996875762939e-01
1.436867713928222656e-01
5.813891887664794922e-01
-1.221705377101898193e-01
-7.817682027816772461e-01
-8.172959089279174805e-02
4.918962121009826660e-01
1.482541441917419434e+00
-1.312060207128524780e-01
-6.854587197303771973e-01
-9.994208812713623047e-02
5.886436998844146729e-02
-4.789633750915527344e-01
-4.471501111984252930e-01
-6.073223799467086792e-02
6.193743944168090820e-01
5.287154912948608398e-01
2.558017373085021973e-01
-6.411306858062744141e-01
1.127782702445983887e+00
-4.539595246315002441e-01
-2.183638215065002441e-01
-3.829184472560882568e-01
-1.143297031521797180e-01
-1.090962529182434082e+00
1.215749904513359070e-01
9.991716742515563965e-01
4.050711095333099365e-01
7.421228885650634766e-01
7.823029756546020508e-01
-3.257641792297363281e-01
2.039432227611541748e-01
1.758851408958435059e-01
7.178644835948944092e-02
-3.534165918827056885e-01
9.467856585979461670e-02
-8.686405420303344727e-01
-3.965839743614196777e-01
8.024305105209350586e-02
-7.796087861061096191e-01
-9.699733257293701172e-01
-2.577217817306518555e-01
-2.784364521503448486e-01
-3.612464368343353271e-01
-8.130164444446563721e-02
3.318149447441101074e-01
-7.114456593990325928e-02
-6.862628459930419922e-01
-3.108187913894653320e-01
-2.270031161606311798e-02
-1.114671677350997925e-01
1.671835631132125854e-01
-1.605820506811141968e-01
-3.685440123081207275e-02
-5.080447196960449219e-01
-2.749379277229309082e-01
-5.537861585617065430e-01
-1.827679872512817383e-01
8.794480562210083008e-02
1.272427588701248169e-01
2.548556923866271973e-01
2.934426069259643555e-02
5.048773288726806641e-01
-7.578618526458740234e-01
-6.172180175781250000e-03
7.674655914306640625e-01
-6.345701217651367188e-01
-2.440257072448730469e-01
4.224610626697540283e-01
2.506504356861114502e-01
5.071206092834472656e-01
3.504393398761749268e-01
3.047301173210144043e-01
5.779147148132324219e-01
-8.088610172271728516e-01
1.547466963529586792e-01
2.951433062553405762e-01
5.725340843200683594e-01
-7.404477596282958984e-01
2.862727642059326172e-01
-7.909017801284790039e-02
-3.924239277839660645e-01
-5.447316169738769531e-01
-6.413603425025939941e-01
3.619414567947387695e-01
2.557355761528015137e-01
3.387292474508285522e-02
1.743487268686294556e-01
4.339531064033508301e-02
3.775932788848876953e-01
-1.823376119136810303e-01
-4.690170884132385254e-01
8.560249209403991699e-02
1.212530374526977539e+00
-4.303672313690185547e-01
6.457302570343017578e-01
-1.478037238121032715e-01
7.427466660737991333e-02
2.071474194526672363e-01
3.956779241561889648e-01
1.887720823287963867e-02
-3.006280660629272461e-01
-6.934857964515686035e-01
-5.544787049293518066e-01
-4.039661884307861328e-01
-8.637845516204833984e-03
1.089385151863098145e-01
-2.753434181213378906e-01
-4.668260216712951660e-01
-4.591217637062072754e-01
-5.154176950454711914e-01
7.073710858821868896e-02
-6.956429481506347656e-01
-2.027217149734497070e-01
7.229829430580139160e-01
2.762200236320495605e-01
1.804858744144439697e-01
-4.706118404865264893e-01
-1.777755916118621826e-01
-4.711583256721496582e-02
2.647904753684997559e-01
1.535982787609100342e-01
-5.144834518432617188e-03
-3.243080973625183105e-01
-5.174812674522399902e-01
-5.217325687408447266e-01
1.038599014282226562e-02
-3.543465137481689453e-01
-7.642989754676818848e-01
9.209337085485458374e-02
2.709998488426208496e-01
2.211632132530212402e-01
1.446125507354736328e-01
3.012455999851226807e-01
1.508021354675292969e-02
-8.465464711189270020e-01
1.036468893289566040e-01
3.541410863399505615e-01
-4.903091788291931152e-01
2.032666355371475220e-01
-1.207662820816040039e-01
-2.563678026199340820e-01
-9.817195683717727661e-02
-2.511661946773529053e-01
7.614790201187133789e-01
2.124266624450683594e-01
-3.240059316158294678e-02
-4.833043217658996582e-01
-1.044695004820823669e-01
-1.039228677749633789e+00
5.487048029899597168e-01
-1.903736591339111328e-02
2.216459512710571289e-01
8.260720372200012207e-01
-8.332196474075317383e-01
-6.595008373260498047e-01
-4.323866367340087891e-01
-2.703758478164672852e-01
-1.930080354213714600e-01
-2.448645979166030884e-01
-2.479896247386932373e-01
2.114467024803161621e-01
8.124316930770874023e-01
5.487168431282043457e-01
-5.610103607177734375e-01
5.830145478248596191e-01
2.057431936264038086e-01
-7.590965628623962402e-01
-5.774864554405212402e-01
-5.602667331695556641e-01
-5.082719326019287109e-01
-4.610736072063446045e-01
-9.071174860000610352e-01
7.857905030250549316e-01
5.285547971725463867e-01
1.017272472381591797e+00
-1.919331252574920654e-01
7.270179688930511475e-02
1.069382429122924805e-01
-5.491024255752563477e-01
2.325388789176940918e-01
2.020511627197265625e-01
-5.344996452331542969e-01
-7.427498102188110352e-01
2.581631243228912354e-01
6.986019015312194824e-01
-2.099649310111999512e-01
-8.965195417404174805e-01
-2.071885168552398682e-01
-7.994490265846252441e-01
8.183338642120361328e-01
4.725200831890106201e-01
-5.200926065444946289e-01
1.928180456161499023e-02
-6.031265854835510254e-01
-7.900732159614562988e-01
1.094555854797363281e-02
-5.969966053962707520e-01
7.829056382179260254e-01
-6.818702816963195801e-01
3.049342930316925049e-01
5.607948303222656250e-01
5.574080348014831543e-01
-3.919999301433563232e-02
-3.916539549827575684e-01
1.820413470268249512e-01
-1.951404511928558350e-01
3.105989098548889160e-01
4.029207527637481689e-01
-8.013836145401000977e-01
-4.978642463684082031e-01
6.973480433225631714e-02
-7.128314673900604248e-02
-5.221665650606155396e-02
-7.571625709533691406e-01
1.931721866130828857e-01
-7.503607869148254395e-01
-7.096433639526367188e-01
-6.750487685203552246e-01
9.405457377433776855e-01
3.061297535896301270e-01
-7.278578281402587891e-01
-4.456023573875427246e-01
4.831118136644363403e-02
-2.670694589614868164e-01
7.247541546821594238e-01
6.176891326904296875e-01
-6.299248933792114258e-01
-1.081797599792480469e+00
-6.390367746353149414e-01
-4.411118924617767334e-01
-3.496714532375335693e-01
-2.857605218887329102e-01
-3.582029044628143311e-01
5.657671689987182617e-01
6.249716281890869141e-01
-5.618485212326049805e-01
-5.280228853225708008e-01
-5.029805898666381836e-01
-5.605179071426391602e-02
-5.651149749755859375e-01
2.117347419261932373e-01
7.370296120643615723e-02
5.272161960601806641e-02
1.131646156311035156e+00
-6.378793716430664062e-01
-2.554548084735870361e-01
9.237934350967407227e-01
-5.672276020050048828e-01
7.200714945793151855e-01
1.454921066761016846e-01
-4.956003427505493164e-01
1.299175262451171875e+00
-4.087406992912292480e-01
-1.776151508092880249e-01
7.868542075157165527e-01
-6.384656429290771484e-01
-8.173801749944686890e-02
8.235697746276855469e-01
5.415846705436706543e-01
2.196175754070281982e-01
1.895484328269958496e-02
9.838845133781433105e-01
-8.465439081192016602e-03
-5.123389363288879395e-01
-1.839107871055603027e-01
-1.519626379013061523e-01
-7.018212676048278809e-01
7.261931300163269043e-01
8.993608951568603516e-01
-6.255636811256408691e-01
-8.261808753013610840e-01
-2.723236083984375000e-01
1.507831513881683350e-01
8.819658756256103516e-01
-9.318675994873046875e-01
1.463792085647583008e+00
-4.555486887693405151e-02
6.945965290069580078e-01
5.565508008003234863e-01
-7.216845154762268066e-01
-1.740515232086181641e-01
-6.287780404090881348e-01
1.128259658813476562e+00
-5.933381915092468262e-01
-1.992874145507812500e-01
-9.198333024978637695e-01
-4.564890265464782715e-01
-6.185296773910522461e-01
2.506480216979980469e-01
5.937563776969909668e-01
7.342093586921691895e-01
-8.316941559314727783e-02
-1.458095312118530273e-01
5.056526660919189453e-01
-6.938934326171875000e-01
1.936246156692504883e-01
-2.862612009048461914e-01
-7.814726829528808594e-01
9.780827164649963379e-01
1.026600226759910583e-01
-2.994918823242187500e-01
-6.035488843917846680e-01
6.153351068496704102e-01
-8.288636207580566406e-01
-2.502011060714721680e-01
-6.614376902580261230e-01
-8.064046502113342285e-02
-9.610306024551391602e-01
-7.574526667594909668e-01
1.342112571001052856e-02
-8.008848428726196289e-01
6.404476165771484375e-01
3.109337091445922852e-01
3.180414438247680664e-02
-8.444331288337707520e-01
-5.127976536750793457e-01
7.648264169692993164e-01
-2.917527258396148682e-01
1.259593814611434937e-01
5.718127489089965820e-01
-5.905426144599914551e-01
-5.172389149665832520e-01
-2.885700762271881104e-02
-3.163878023624420166e-01
-6.466824412345886230e-01
3.045195341110229492e-02
1.390007138252258301e-01
5.947256088256835938e-01
-1.092285215854644775e-01
6.929609775543212891e-01
3.965439498424530029e-01
1.805639266967773438e-01
-2.043898701667785645e-01
6.346517801284790039e-02
-4.738983213901519775e-01
-3.166508078575134277e-01
3.214455842971801758e-01
-4.954792857170104980e-01
-1.087913632392883301e+00
-8.426270484924316406e-01
1.191440373659133911e-01
2.789077460765838623e-01
-2.898970842361450195e-01
1.475124478340148926e+00
8.989994525909423828e-01
6.614908576011657715e-01
1.647230982780456543e-02
-3.060251474380493164e-02
-3.908325135707855225e-01
4.871957898139953613e-01
-1.155264228582382202e-01
2.813091278076171875e-01
1.144839823246002197e-01
-6.207117438316345215e-01
4.274980425834655762e-01
8.249613642692565918e-01
9.826408624649047852e-01
5.816271305084228516e-01
-1.667185127735137939e-01
2.823659777641296387e-01
-4.991098046302795410e-01
-3.277021944522857666e-01
2.880052030086517334e-01
-3.841697871685028076e-01
-3.073082864284515381e-01
5.220391750335693359e-01
2.224300801753997803e-02
-1.130377352237701416e-01
1.706910878419876099e-02
3.258342146873474121e-01
2.759502083063125610e-02
8.444301486015319824e-01
1.356469392776489258e+00
4.242255985736846924e-01
8.598966598510742188e-01
-1.250343769788742065e-01
4.164974093437194824e-01
6.128126978874206543e-01
-6.192897558212280273e-01
4.425518810749053955e-01
5.438266992568969727e-01
-7.496403455734252930e-01
5.739693641662597656e-01
3.562858402729034424e-01
-2.920347452163696289e-01
-2.861389517784118652e-01
-2.498176693916320801e-01
-8.425104618072509766e-02
1.192229270935058594e+00
5.285908579826354980e-01
-2.146515846252441406e-01
-6.972632408142089844e-01
8.948854207992553711e-01
1.624316126108169556e-01
5.406874418258666992e-02
-2.729586362838745117e-01
-6.721365451812744141e-01
-7.496610283851623535e-02
9.213817119598388672e-02
-5.554031729698181152e-01
-1.113077923655509949e-01
3.905713558197021484e-01
6.417904496192932129e-01
6.523312628269195557e-02
-2.066714465618133545e-01
-1.749436259269714355e-01
-8.790895342826843262e-02
-2.073173522949218750e-01
-1.985616385936737061e-01
1.273489713668823242e+00
1.075939059257507324e+00
5.775752067565917969e-01
-2.084326148033142090e-01
-2.281882762908935547e-01
-4.307848215103149414e-01
-4.754875302314758301e-01
-4.997730255126953125e-03
4.168694466352462769e-02
2.015494108200073242e-01
1.566018581390380859e+00
-5.323799252510070801e-01
-2.436848431825637817e-01
-3.996685743331909180e-01
-2.083199173212051392e-01
-7.450885772705078125e-01
-9.649277925491333008e-01
7.937006950378417969e-01
6.650939583778381348e-02
2.116214334964752197e-01
5.165085196495056152e-01
7.748591899871826172e-02
-1.751755923032760620e-01
1.882777959108352661e-01
-9.690337181091308594e-01
-3.255696296691894531e-01
-2.799869179725646973e-01
-1.658287644386291504e-01
1.208855628967285156e+00
-2.528294324874877930e-01
-9.934680461883544922e-01
3.720952272415161133e-01
-5.461857318878173828e-01
-1.325505673885345459e-01
-5.497783422470092773e-01
3.965789377689361572e-01
-1.140482902526855469e+00
-2.809170484542846680e-01
2.062690109014511108e-01
-7.534461021423339844e-01
-6.805758476257324219e-01
3.581335544586181641e-01
-2.179264724254608154e-01
-8.731983602046966553e-02
1.211027204990386963e-01
-8.854920864105224609e-01
-4.273490607738494873e-01
7.117749452590942383e-01
2.841922640800476074e-01
8.962877094745635986e-02
1.874329447746276855e-01
-1.166870072484016418e-01
-1.036910295486450195e+00
-5.556212663650512695e-01
-1.925942897796630859e-01
5.612564831972122192e-02
-3.409205079078674316e-01
-5.883911848068237305e-01
-1.081244230270385742e+00
-4.857924580574035645e-01
-5.340561270713806152e-01
-4.710975289344787598e-02
2.216279208660125732e-01
6.627316474914550781e-01
6.737029552459716797e-02
6.596446037292480469e-01
-5.768746137619018555e-01
5.872922018170356750e-02
1.368706822395324707e-01
1.189420074224472046e-01
7.448183000087738037e-02
-3.727181553840637207e-01
-4.480010867118835449e-01
-3.895699679851531982e-01
3.194019496440887451e-01
-1.414857804775238037e-01
-2.780571877956390381e-01
-5.911675691604614258e-01
3.053746521472930908e-01
3.460666835308074951e-01
6.194840073585510254e-01
-4.573794901371002197e-01
2.878239154815673828e-01
-4.483185112476348877e-01
5.039684176445007324e-01
-1.806332617998123169e-01
-2.618589699268341064e-01
2.931372225284576416e-01
-9.149701893329620361e-02
6.575851440429687500e-01
-6.743161082267761230e-01
-8.668398261070251465e-01
2.047837376594543457e-01
-7.332254648208618164e-01
-5.209983587265014648e-01
4.427111148834228516e-01
-5.689750313758850098e-01
-8.432048559188842773e-01
6.562131643295288086e-02
-1.981986016035079956e-01
2.442104816436767578e-01
-6.226279735565185547e-01
-6.084263920783996582e-01
4.258232414722442627e-01
-4.554728567600250244e-01
8.750538527965545654e-02
-1.668115705251693726e-01
-1.691205501556396484e-01
-6.251180768013000488e-01
-4.917038083076477051e-01
4.411436915397644043e-01
-6.011352539062500000e-01
-7.115931510925292969e-01
-7.605634927749633789e-01
-1.751276850700378418e-02
-9.083010256290435791e-02
-5.513140559196472168e-02
4.773442447185516357e-02
-9.183202981948852539e-01
6.715353727340698242e-01
-7.918531298637390137e-01
5.993669629096984863e-01
2.283800393342971802e-02
-1.885576546192169189e-01
5.481826066970825195e-01
-9.341024160385131836e-01
-9.932012557983398438e-01
-2.622686326503753662e-01
4.486863017082214355e-01
1.305359899997711182e-01
-3.994357883930206299e-01
5.221209526062011719e-01
-1.094534844160079956e-01
-6.685712933540344238e-01
-2.666360735893249512e-01
-4.493372440338134766e-01
5.487288236618041992e-01
3.810567408800125122e-02
2.640455961227416992e-01
-7.122875452041625977e-01
-7.587738037109375000e-01
-3.503826260566711426e-01
-3.432776331901550293e-01
-6.045281887054443359e-01
-7.144455313682556152e-01
-5.379784703254699707e-01
-2.921958565711975098e-01
-1.138885915279388428e-01
-3.329729139804840088e-01
-4.058254957199096680e-01
-1.993619799613952637e-01
-4.591163396835327148e-01
-7.418972253799438477e-01
4.248977601528167725e-01
-8.012019991874694824e-01
-3.131061792373657227e-01
-5.405387878417968750e-01
-4.467003941535949707e-01
7.833525538444519043e-02
4.071373343467712402e-01
1.762907803058624268e-01
2.948286235332489014e-01
4.751527905464172363e-01
7.443972229957580566e-01
-3.435412347316741943e-01
-8.788545429706573486e-02
-5.449658036231994629e-01
7.202181220054626465e-02
3.900611996650695801e-01
4.338691383600234985e-02
1.506254911422729492e+00
-4.197941422462463379e-01
-4.230342507362365723e-01
-5.322304368019104004e-01
-5.331133306026458740e-02
-1.056033372879028320e+00
4.644651338458061218e-02
1.515500247478485107e-01
8.939185142517089844e-01
7.967647314071655273e-01
-4.451621472835540771e-01
-2.244517803192138672e-01
-8.391293287277221680e-01
-2.114463001489639282e-01
-1.085426658391952515e-01
7.413215637207031250e-01
-6.385306715965270996e-01
1.541700065135955811e-01
-9.556437134742736816e-01
-9.798314571380615234e-01
6.926174759864807129e-01
2.760515362024307251e-02
-3.576749861240386963e-01
-2.276901304721832275e-01
-4.980534017086029053e-01
5.248922705650329590e-01
7.266610860824584961e-01
-7.019147276878356934e-01
-8.807212114334106445e-02
-4.147132039070129395e-01
-7.013213634490966797e-02
5.919711589813232422e-01
-2.551148831844329834e-01
7.726609706878662109e-01
4.146962761878967285e-01
-2.575300931930541992e-01
-6.054477095603942871e-01
-5.722138881683349609e-01
5.428762435913085938e-01
-2.046545743942260742e-01
-2.678820490837097168e-01
1.729563325643539429e-01
-4.259089231491088867e-01
-8.903900980949401855e-01
8.887187242507934570e-01
2.841123044490814209e-01
-6.506278514862060547e-01
1.242862582206726074e+00
-9.478137642145156860e-02
-3.378731608390808105e-01
1.796270310878753662e-01
1.210278630256652832e+00
9.650785923004150391e-01
-1.745716333389282227e-01
-7.156803607940673828e-01
-7.881614565849304199e-01
-6.841807365417480469e-01
-4.033668339252471924e-02
-2.020500600337982178e-01
3.710282146930694580e-01
5.310472846031188965e-01
1.956382095813751221e-01
1.641743183135986328e-01
7.065406441688537598e-01
-4.272006452083587646e-01
-3.423044085502624512e-01
-1.617370843887329102e-01
-6.620581150054931641e-01
-1.272925436496734619e-01
1.458469629287719727e-01
-5.233172327280044556e-02
3.243279457092285156e-01
-4.664202630519866943e-01
6.402664780616760254e-01
1.276099085807800293e-01
-4.683471322059631348e-01
-7.219963073730468750e-01
-1.786201447248458862e-02
4.928637444972991943e-01
-7.972241640090942383e-01
8.302642107009887695e-01
-2.640291452407836914e-01
8.657573461532592773e-01
3.572142720222473145e-01
3.832907974720001221e-01
1.044911026954650879e+00
-1.776277422904968262e-01
7.700897753238677979e-02
-1.173883438110351562e+00
1.057738512754440308e-01
-2.105605304241180420e-01
-2.737915515899658203e-01
-5.315608382225036621e-01
-5.416656732559204102e-01
2.602691352367401123e-01
3.237789273262023926e-01
5.723085999488830566e-01
4.995514154434204102e-01
3.047904372215270996e-01
1.363271474838256836e-01
5.902693867683410645e-01
6.011697053909301758e-01
-2.050261199474334717e-01
-2.765058577060699463e-01
-3.617984950542449951e-01
3.215273618698120117e-01
2.661460638046264648e-02
1.625473350286483765e-01
1.464609801769256592e-01
-1.060849428176879883e+00
7.170082330703735352e-01
-8.741430044174194336e-01
-3.427863121032714844e-01
9.125450998544692993e-02
1.030730128288269043e+00
3.613950610160827637e-01
-3.589210212230682373e-01
-5.988599658012390137e-01
-7.195253372192382812e-01
-7.447213530540466309e-01
-1.379446089267730713e-01
-4.684400856494903564e-01
-6.296226978302001953e-01
-5.733926296234130859e-01
4.918942451477050781e-01
-4.673512279987335205e-01
1.751916855573654175e-02
1.736358180642127991e-02
-9.717447161674499512e-01
-6.839415431022644043e-01
-1.691199690103530884e-01
-3.431180119514465332e-01
-3.894813060760498047e-01
-2.059435397386550903e-01
-8.818697333335876465e-01
-8.025916814804077148e-01
4.453412294387817383e-01
-6.648758053779602051e-02
3.998890519142150879e-02
-3.418525159358978271e-01
-1.874948143959045410e-01
4.240897595882415771e-01
-4.471727609634399414e-01
-6.690250039100646973e-01
-1.976812034845352173e-01
-3.338876366615295410e-01
-4.386057555675506592e-01
-3.633732497692108154e-01
-9.813079833984375000e-01
-3.692619800567626953e-01
6.317678093910217285e-01
-3.188228905200958252e-01
3.588418960571289062e-01
-1.921280026435852051e-01
-2.125142812728881836e-01
5.866639018058776855e-01
-6.675642132759094238e-01
1.359270513057708740e-01
3.996019363403320312e-01
6.446790695190429688e-01
-2.709221541881561279e-01
5.412936210632324219e-01
4.400538206100463867e-01
6.856830120086669922e-01
-2.237403243780136108e-01
-7.962400913238525391e-01
2.572264969348907471e-01
2.329698503017425537e-01
-2.923188507556915283e-01
1.170074045658111572e-01
2.847504615783691406e-01
-6.092221140861511230e-01
4.739975035190582275e-01
1.432710736989974976e-01
8.461184054613113403e-02
1.404359042644500732e-01
-9.678408503532409668e-01
-3.362776935100555420e-01
-1.133684515953063965e-01
2.761168777942657471e-01
-9.563821554183959961e-01
-6.055549979209899902e-01
2.895135879516601562e-01
9.011995196342468262e-01
1.834267228841781616e-01
-6.658202409744262695e-02
-6.615551710128784180e-01
-4.905450046062469482e-01
-3.331112861633300781e-02
-5.470612049102783203e-01
5.102614760398864746e-01
-4.858001470565795898e-01
-7.549989819526672363e-01
1.823161542415618896e-01
-1.375916898250579834e-01
9.429699182510375977e-02
1.617001891136169434e-01
3.813306689262390137e-01
-2.046506404876708984e-01
-5.502808094024658203e-01
1.178196370601654053e-01
7.445726394653320312e-01
-3.490159511566162109e-01
-5.249962210655212402e-02
-6.057745814323425293e-01
1.016260683536529541e-01
4.396722912788391113e-01
-3.145823180675506592e-01
-7.221289873123168945e-01
1.723912358283996582e-01
7.207769155502319336e-01
4.572799801826477051e-02
-4.972890764474868774e-02
1.438249349594116211e+00
1.949673295021057129e-01
-1.592230796813964844e-01
-3.776421546936035156e-01
-7.421085834503173828e-01
-4.405383467674255371e-01
-9.812436699867248535e-01
-6.859770417213439941e-01
-9.541866928339004517e-02
-2.004343271255493164e-01
-3.830998539924621582e-01
-3.564595282077789307e-01
-7.074062228202819824e-01
-2.193803042173385620e-01
2.240578532218933105e-01
1.070167273283004761e-01
-2.144407480955123901e-01
3.933780193328857422e-01
5.580987334251403809e-01
-1.797358989715576172e-01
-8.759766817092895508e-03
-1.245482712984085083e-01
-6.640747785568237305e-01
-2.052366733551025391e-03
1.620523035526275635e-01
1.697255074977874756e-01
-6.161119043827056885e-02
2.488913536071777344e-01
9.458096623420715332e-01
4.913964569568634033e-01
1.238926649093627930e+00
-1.770685017108917236e-01
3.579434752464294434e-02
-4.050227999687194824e-01
-1.785938143730163574e-01
2.333359718322753906e-01
2.072559297084808350e-01
-3.292025327682495117e-01
5.716127157211303711e-01
9.014589786529541016e-01
6.424791812896728516e-01
-3.440303802490234375e-01
-2.712855860590934753e-02
9.023184180259704590e-01
4.269204139709472656e-01
3.080481588840484619e-01
5.688339471817016602e-01
1.136641263961791992e+00
6.326905488967895508e-01
1.310942471027374268e-01
2.576849162578582764e-01
-3.317563980817794800e-02
-1.892350465059280396e-01
-2.833274602890014648e-01
3.231059014797210693e-01
2.299876064062118530e-01
7.470338344573974609e-01
9.505354166030883789e-01
-1.101580560207366943e-01
4.388784468173980713e-01
5.536668300628662109e-01
3.046092092990875244e-01
4.812943339347839355e-01
-3.026495575904846191e-01
3.184459805488586426e-01
8.660225868225097656e-01
2.413071542978286743e-01
-6.367720961570739746e-01
8.907453715801239014e-02
-4.587770998477935791e-01
-4.647386670112609863e-01
1.225271373987197876e-01
-6.761268377304077148e-01
4.080167412757873535e-02
-4.671804606914520264e-01
2.043321877717971802e-01
1.939023435115814209e-01
2.173344790935516357e-01
2.522906363010406494e-01
-1.470476388931274414e-01
9.202116727828979492e-02
-4.469310939311981201e-01
-9.761192202568054199e-01
1.122086048126220703e+00
2.899464368820190430e-01
-7.257597148418426514e-02
5.345077514648437500e-01
3.581414818763732910e-01
2.382407933473587036e-01
7.522943615913391113e-01
3.135564029216766357e-01
-1.894001364707946777e-01
4.973934590816497803e-01
4.387639164924621582e-01
-7.128358483314514160e-01
-5.339054465293884277e-01
7.802969813346862793e-01
-2.312372624874114990e-01
9.235593080520629883e-01
1.378298282623291016e+00
4.416423439979553223e-01
8.955779075622558594e-01
3.105705380439758301e-01
1.562152355909347534e-01
9.135895967483520508e-02
8.496081829071044922e-01
-8.557922393083572388e-02
6.199133396148681641e-01
-9.181535243988037109e-02
2.428509593009948730e-01
1.761083900928497314e-01
-1.955932676792144775e-01
-1.669489443302154541e-01
-4.352661371231079102e-01
-8.511350750923156738e-01
1.519978940486907959e-01
-1.058454513549804688e-01
-3.743559122085571289e-03
-5.283768177032470703e-01
2.670617103576660156e-01
-7.095042467117309570e-01
2.122253477573394775e-01
1.156395301222801208e-02
-3.357964158058166504e-01
-8.739949762821197510e-02
-7.248848080635070801e-01
-4.246005415916442871e-01
-4.949456155300140381e-01
-2.184877917170524597e-02
-2.580639347434043884e-02
-5.379661321640014648e-01
-4.129329919815063477e-01
-4.067093729972839355e-01
-6.409516930580139160e-01
-4.230980277061462402e-01
-6.402118206024169922e-01
1.522072851657867432e-01
6.995000839233398438e-01
-1.010973095893859863e+00
3.275048136711120605e-01
7.365015149116516113e-01
1.322290152311325073e-01
9.654558300971984863e-01
-2.074411511421203613e-02
-4.403048753738403320e-01
-3.121227025985717773e-03
3.102522492408752441e-01
-2.547085285186767578e-03
1.062465190887451172e+00
-2.552165687084197998e-01
-6.182044744491577148e-03
1.031827032566070557e-01
-8.799426555633544922e-01
-7.468682527542114258e-01
6.726316809654235840e-01
-3.848151266574859619e-01
2.653683722019195557e-01
-7.098219394683837891e-01
-4.955672621726989746e-01
6.569576263427734375e-01
-3.472847938537597656e-01
5.711930990219116211e-01
-3.195372819900512695e-01
4.505433142185211182e-01
-6.567968130111694336e-01
2.279790192842483521e-01
-5.843916535377502441e-01
-9.136160612106323242e-01
-5.622287094593048096e-02
-5.191690921783447266e-01
-2.108042538166046143e-01
-4.021632373332977295e-01
-4.855588674545288086e-01
-2.185286283493041992e-01
-2.063157707452774048e-01
2.825697697699069977e-02
1.089896857738494873e-01
7.011483907699584961e-01
-1.549862325191497803e-01
-3.362449407577514648e-01
1.710694879293441772e-01
-7.727085351943969727e-01
-6.839431524276733398e-01
-6.187716722488403320e-01
-4.148129224777221680e-01
-4.909418821334838867e-01
-5.908439159393310547e-01
4.713872075080871582e-02
5.561971664428710938e-01
4.409627914428710938e-01
-7.392114400863647461e-02
1.146007478237152100e-01
-5.136315822601318359e-01
-9.835737943649291992e-02
-5.330077409744262695e-01
-7.078412175178527832e-01
2.270009368658065796e-01
5.256080031394958496e-01
6.771451830863952637e-01
2.218577861785888672e-01
-9.651780128479003906e-03
2.245177179574966431e-01
-3.156587183475494385e-01
-2.641434073448181152e-01
4.126101136207580566e-01
-5.322270989418029785e-01
1.087127208709716797e+00
9.738877415657043457e-03
5.698214769363403320e-01
1.809718012809753418e-01
2.021074295043945312e-01
-7.399438023567199707e-01
5.709347724914550781e-01
1.587063670158386230e-01
-7.506543993949890137e-01
1.624667644500732422e-02
1.575349122285842896e-01
-5.335779190063476562e-01
7.120990157127380371e-01
3.866519927978515625e-01
1.850733160972595215e-01
-7.982038259506225586e-01
6.666287183761596680e-01
4.604742825031280518e-01
8.247253298759460449e-01
1.075614839792251587e-01
-2.228266000747680664e-02
-1.355727910995483398e-01
1.606847643852233887e-01
-3.056828975677490234e-01
-4.242404103279113770e-01
-9.868624806404113770e-01
2.153834700584411621e-02
9.204527735710144043e-02
2.718455195426940918e-01
1.207975387573242188e+00
-1.707362830638885498e-01
-2.679256796836853027e-01
1.378582119941711426e-01
-7.353199720382690430e-01
-6.952806115150451660e-01
1.228524744510650635e-01
7.622447609901428223e-01
4.967766404151916504e-01
3.675397634506225586e-01
7.649236917495727539e-02
-1.294233202934265137e-01
2.781360149383544922e-01
2.069115042686462402e-01
-7.996470928192138672e-01
6.769637465476989746e-01
1.691158413887023926e-01
8.939037919044494629e-01
1.651191711425781250e-01
8.722639679908752441e-01
5.369403958320617676e-01
6.692022085189819336e-01
1.289436668157577515e-01
-1.093635186553001404e-01
9.135318547487258911e-02
5.334675312042236328e-01
-1.850773543119430542e-01
1.379795819520950317e-01
5.341879278421401978e-02
-6.419612169265747070e-01
-5.240991711616516113e-01
2.528553903102874756e-01
2.111199498176574707e-01
6.085447072982788086e-01
6.704701483249664307e-02
4.624304175376892090e-02
9.175266027450561523e-01
-6.367977261543273926e-01
3.236357569694519043e-01
9.434109926223754883e-02
-2.585202455520629883e-01
-7.223159074783325195e-02
-2.819265723228454590e-01
-4.847910106182098389e-01
6.933794617652893066e-01
3.283479213714599609e-01
2.434712052345275879e-01
3.608148097991943359e-01
6.849012374877929688e-01
3.290106058120727539e-01
-2.207750678062438965e-01
2.416317164897918701e-01
4.895327985286712646e-02
-7.050734758377075195e-01
-3.585360646247863770e-01
1.024240255355834961e-01
6.726189255714416504e-01
6.878917813301086426e-01
-4.422101974487304688e-01
1.009609103202819824e+00
-7.503180503845214844e-01
3.467899188399314880e-02
1.702842265367507935e-01
3.738948702812194824e-01
-1.575816273689270020e-01
-6.102422475814819336e-01
